# Real-time Electric Circuit Simulation

This repository contains Python code to simulate an electric circuit in real-time using asyncio module. The code was developed and tested using PYthon 3.11.5

## How to run

To run the code, follow these steps:

1. Clone the repository: `git clone https://github.com/your-username/simulate-circuit.git`
2. Navigate to the project directory: `cd simulate-circuit`
3. Run the command 
```
>>> python simulation_app.py
```

## Output format 

Starting the simulation:
Time step: 100 msec
Real-time readings of Ohmmeter 1 (🧄 — 1 sec) and Ohmmeter 2 (🥕 — 2 sec): 
----------------------------------------------------------------------
Device    |   time   |        System time        |       Reading
----------------------------------------------------------------------
🧄 Ohm 1.   0.0 sec     2024-08-12 17:37:18.003        30.000 kOhm
🥕 Ohm 2.   0.0 sec     2024-08-12 17:37:18.003        30.000 kOhm

🧄 Ohm 1.   1.0 sec     2024-08-12 17:37:19.004        29.029 kOhm
🥕 Ohm 2.   2.0 sec     2024-08-12 17:37:20.004        30.049 kOhm

🧄 Ohm 1.   2.0 sec     2024-08-12 17:37:20.006        28.451 kOhm
🧄 Ohm 1.   3.0 sec     2024-08-12 17:37:21.006        28.016 kOhm
🥕 Ohm 2.   4.0 sec     2024-08-12 17:37:22.005        30.215 kOhm

🧄 Ohm 1.   4.0 sec     2024-08-12 17:37:22.007        29.390 kOhm
🧄 Ohm 1.   5.0 sec     2024-08-12 17:37:23.008        28.826 kOhm
🥕 Ohm 2.   6.0 sec     2024-08-12 17:37:24.007        29.828 kOhm

🧄 Ohm 1.   6.0 sec     2024-08-12 17:37:24.008        28.187 kOhm
🧄 Ohm 1.   7.0 sec     2024-08-12 17:37:25.010        29.272 kOhm
🥕 Ohm 2.   8.0 sec     2024-08-12 17:37:26.008        29.992 kOhm

🧄 Ohm 1.   8.0 sec     2024-08-12 17:37:26.010        28.050 kOhm
🧄 Ohm 1.   9.0 sec     2024-08-12 17:37:27.011        24.904 kOhm
🥕 Ohm 2.  10.0 sec     2024-08-12 17:37:28.009        31.565 kOhm

🧄 Ohm 1.  10.0 sec     2024-08-12 17:37:28.013        15.470 kOhm



Recorded voltmeter readings (🔋 voltage across R_L):
------------------------------------------------------------
time      |          time_stamp          |      voltage
------------------------------------------------------------
0.0  sec      2024-08-12 17:37:18.003             10.000 V
0.1  sec      2024-08-12 17:37:18.104              9.584 V
0.2  sec      2024-08-12 17:37:18.204              9.199 V
0.3  sec      2024-08-12 17:37:18.305              8.842 V
0.4  sec      2024-08-12 17:37:18.406              8.511 V
0.5  sec      2024-08-12 17:37:18.507              8.201 V
0.6  sec      2024-08-12 17:37:18.608              7.912 V
0.7  sec      2024-08-12 17:37:18.708              7.642 V
0.8  sec      2024-08-12 17:37:18.809              7.388 V
0.9  sec      2024-08-12 17:37:18.910              7.148 V
1.0  sec      2024-08-12 17:37:19.011              6.923 V
1.1  sec      2024-08-12 17:37:19.111              6.710 V
1.2  sec      2024-08-12 17:37:19.212              6.509 V
1.3  sec      2024-08-12 17:37:19.313              6.318 V
1.4  sec      2024-08-12 17:37:19.414              6.137 V
1.5  sec      2024-08-12 17:37:19.515              5.965 V
1.6  sec      2024-08-12 17:37:19.615              5.801 V
1.7  sec      2024-08-12 17:37:19.716              5.645 V
1.8  sec      2024-08-12 17:37:19.817              5.496 V
1.9  sec      2024-08-12 17:37:19.918              5.354 V
2.0  sec      2024-08-12 17:37:20.020              5.217 V
2.1  sec      2024-08-12 17:37:20.122              5.087 V
2.2  sec      2024-08-12 17:37:20.222              4.962 V
2.3  sec      2024-08-12 17:37:20.323              4.842 V
2.4  sec      2024-08-12 17:37:20.424              4.726 V
2.5  sec      2024-08-12 17:37:20.524              4.615 V
2.6  sec      2024-08-12 17:37:20.625              4.509 V
2.7  sec      2024-08-12 17:37:20.726              4.406 V
2.8  sec      2024-08-12 17:37:20.826              4.306 V
2.9  sec      2024-08-12 17:37:20.927              4.210 V
3.0  sec      2024-08-12 17:37:21.029              4.118 V
3.1  sec      2024-08-12 17:37:21.129              4.028 V
3.2  sec      2024-08-12 17:37:21.230              3.941 V
3.3  sec      2024-08-12 17:37:21.331              3.857 V
3.4  sec      2024-08-12 17:37:21.431              3.776 V
3.5  sec      2024-08-12 17:37:21.532              3.697 V
3.6  sec      2024-08-12 17:37:21.633              3.620 V
3.7  sec      2024-08-12 17:37:21.733              3.545 V
3.8  sec      2024-08-12 17:37:21.834              3.473 V
3.9  sec      2024-08-12 17:37:21.935              3.402 V
4.0  sec      2024-08-12 17:37:22.036              3.333 V
4.1  sec      2024-08-12 17:37:22.136              3.266 V
4.2  sec      2024-08-12 17:37:22.238              3.201 V
4.3  sec      2024-08-12 17:37:22.339              3.137 V
4.4  sec      2024-08-12 17:37:22.439              3.075 V
4.5  sec      2024-08-12 17:37:22.541              3.014 V
4.6  sec      2024-08-12 17:37:22.641              2.954 V
4.7  sec      2024-08-12 17:37:22.742              2.896 V
4.8  sec      2024-08-12 17:37:22.843              2.838 V
4.9  sec      2024-08-12 17:37:22.943              2.782 V
5.0  sec      2024-08-12 17:37:23.045              2.727 V
5.1  sec      2024-08-12 17:37:23.147              2.673 V
5.2  sec      2024-08-12 17:37:23.247              2.620 V
5.3  sec      2024-08-12 17:37:23.348              2.568 V
5.4  sec      2024-08-12 17:37:23.449              2.516 V
5.5  sec      2024-08-12 17:37:23.549              2.466 V
5.6  sec      2024-08-12 17:37:23.650              2.416 V
5.7  sec      2024-08-12 17:37:23.752              2.367 V
5.8  sec      2024-08-12 17:37:23.853              2.318 V
5.9  sec      2024-08-12 17:37:23.953              2.270 V
6.0  sec      2024-08-12 17:37:24.054              2.222 V
6.1  sec      2024-08-12 17:37:24.155              2.175 V
6.2  sec      2024-08-12 17:37:24.255              2.128 V
6.3  sec      2024-08-12 17:37:24.356              2.082 V
6.4  sec      2024-08-12 17:37:24.457              2.036 V
6.5  sec      2024-08-12 17:37:24.557              1.991 V
6.6  sec      2024-08-12 17:37:24.658              1.945 V
6.7  sec      2024-08-12 17:37:24.759              1.900 V
6.8  sec      2024-08-12 17:37:24.859              1.855 V
6.9  sec      2024-08-12 17:37:24.960              1.810 V
7.0  sec      2024-08-12 17:37:25.061              1.765 V
7.1  sec      2024-08-12 17:37:25.162              1.720 V
7.2  sec      2024-08-12 17:37:25.262              1.675 V
7.3  sec      2024-08-12 17:37:25.363              1.629 V
7.4  sec      2024-08-12 17:37:25.464              1.584 V
7.5  sec      2024-08-12 17:37:25.564              1.538 V
7.6  sec      2024-08-12 17:37:25.665              1.493 V
7.7  sec      2024-08-12 17:37:25.765              1.446 V
7.8  sec      2024-08-12 17:37:25.866              1.399 V
7.9  sec      2024-08-12 17:37:25.967              1.352 V
8.0  sec      2024-08-12 17:37:26.068              1.304 V
8.1  sec      2024-08-12 17:37:26.169              1.256 V
8.2  sec      2024-08-12 17:37:26.270              1.206 V
8.3  sec      2024-08-12 17:37:26.370              1.156 V
8.4  sec      2024-08-12 17:37:26.471              1.105 V
8.5  sec      2024-08-12 17:37:26.571              1.053 V
8.6  sec      2024-08-12 17:37:26.672              0.999 V
8.7  sec      2024-08-12 17:37:26.773              0.944 V
8.8  sec      2024-08-12 17:37:26.873              0.888 V
8.9  sec      2024-08-12 17:37:26.974              0.829 V
9.0  sec      2024-08-12 17:37:27.075              0.769 V
9.1  sec      2024-08-12 17:37:27.176              0.707 V
9.2  sec      2024-08-12 17:37:27.276              0.642 V
9.3  sec      2024-08-12 17:37:27.377              0.575 V
9.4  sec      2024-08-12 17:37:27.477              0.505 V
9.5  sec      2024-08-12 17:37:27.578              0.432 V
9.6  sec      2024-08-12 17:37:27.680              0.355 V
9.7  sec      2024-08-12 17:37:27.780              0.273 V
9.8  sec      2024-08-12 17:37:27.881              0.188 V
9.9  sec      2024-08-12 17:37:27.982              0.097 V
10.0 sec      2024-08-12 17:37:28.082              0.000 V



Recorded ammeter readings (⚡ current through R_L):
------------------------------------------------------------
time      |          time_stamp          |      current
------------------------------------------------------------
0.0  sec      2024-08-12 17:37:18.003          333.333 uA
0.3  sec      2024-08-12 17:37:18.304          306.633 uA
0.6  sec      2024-08-12 17:37:18.605          273.381 uA
0.9  sec      2024-08-12 17:37:18.906          246.253 uA
1.2  sec      2024-08-12 17:37:19.208          223.674 uA
1.5  sec      2024-08-12 17:37:19.509          204.567 uA
1.8  sec      2024-08-12 17:37:19.810          188.166 uA
2.1  sec      2024-08-12 17:37:20.111          173.913 uA
2.4  sec      2024-08-12 17:37:20.412          161.392 uA
2.7  sec      2024-08-12 17:37:20.713          150.284 uA
3.0  sec      2024-08-12 17:37:21.014          140.344 uA
3.3  sec      2024-08-12 17:37:21.315          131.376 uA
3.6  sec      2024-08-12 17:37:21.616          123.223 uA
3.9  sec      2024-08-12 17:37:21.917          115.758 uA
4.2  sec      2024-08-12 17:37:22.219          108.876 uA
4.5  sec      2024-08-12 17:37:22.520          102.489 uA
4.8  sec      2024-08-12 17:37:22.821           96.522 uA
5.1  sec      2024-08-12 17:37:23.122           90.909 uA
5.4  sec      2024-08-12 17:37:23.423           85.595 uA
5.7  sec      2024-08-12 17:37:23.725           80.527 uA
6.0  sec      2024-08-12 17:37:24.026           75.660 uA
6.3  sec      2024-08-12 17:37:24.328           70.948 uA
6.6  sec      2024-08-12 17:37:24.630           66.351 uA
6.9  sec      2024-08-12 17:37:24.932           61.824 uA
7.2  sec      2024-08-12 17:37:25.234           57.324 uA
7.5  sec      2024-08-12 17:37:25.536           52.803 uA
7.8  sec      2024-08-12 17:37:25.838           48.208 uA
8.1  sec      2024-08-12 17:37:26.138           43.478 uA
8.4  sec      2024-08-12 17:37:26.440           38.540 uA
8.7  sec      2024-08-12 17:37:26.740           33.302 uA
9.0  sec      2024-08-12 17:37:27.041           27.645 uA
9.3  sec      2024-08-12 17:37:27.342           21.413 uA
9.6  sec      2024-08-12 17:37:27.642           14.388 uA
9.9  sec      2024-08-12 17:37:27.943            6.258 uA
----------------------------------------------------------------------
